Time,Speed,Distance,acceleration,force,torque,rpm,power,efficency,EnergyIn,EnergyUseful,lost to drag,lost to electric effects,EnergyLost
0.09999999,0.1485158,0.002711949,2.490998,0.002941442,260.2285,5.049476,22.93393,0.00167447,1353.085,0.7575713,0.0691288,1077.973,1078.042
0.2,0.3907988,0.02720995,2.478137,0.01154999,258.8497,19.82749,89.57624,0.006575044,2685.031,6.96314,0.6374623,2403.145,2403.782
0.3,0.6450741,0.07635856,2.459703,0.01989472,256.9917,34.1526,153.1864,0.01132543,4083.206,20.04352,1.84293,3787.032,3788.875
0.4,0.8736812,0.150424,2.43624,0.02767757,254.8162,47.51316,211.3092,0.01575596,5340.933,37.63943,3.477737,5025.528,5029.005
0.5000001,1.132335,0.2483255,2.409082,0.03572153,252.1456,61.32196,269.864,0.02033513,6764.806,64.05505,5.956503,6420.508,6426.464
0.6,1.361196,0.3706748,2.377584,0.04411412,248.9373,75.72923,329.0265,0.02511276,8025.604,93.36672,8.74002,7649.208,7657.949
0.6999999,1.601551,0.5166007,2.342727,0.05183439,245.6415,88.98236,381.4898,0.02950767,9351.379,130.0753,12.27158,8934.744,8947.016
0.7999998,1.833911,0.6862775,2.305364,0.0597647,241.9513,102.5961,433.2474,0.03402214,10634.56,171.3828,16.30423,10172.58,10188.89
0.8999997,2.057186,0.8784989,2.265608,0.06713002,238.2825,115.2399,479.2613,0.03821499,11869.59,216.5117,20.77871,11358.01,11378.79
0.9999996,2.286674,1.09352,2.224651,0.0749431,234.1743,128.6523,525.8165,0.04266272,13140.74,268.4066,26.00967,12572.04,12598.05
1.1,2.503624,1.331123,2.180848,0.08217648,230.2054,141.0696,566.7954,0.04678046,14344.89,322.7072,31.57973,13716.32,13747.9
1.199999,2.72655,1.590337,2.138548,0.08951882,226.0453,153.674,606.28,0.05096022,15584.46,383.7694,37.95751,14888.45,14926.41
1.299999,2.937983,1.869143,2.094578,0.09648639,222.0022,165.635,641.7807,0.05492663,16762.8,446.7002,44.65506,15997.16,16041.81
1.399999,3.141988,2.148167,2.05094,0.1035599,217.8273,177.7779,675.8769,0.05895339,17902.03,512.0583,51.74223,17063.93,17115.67
1.499999,3.340082,2.44671,2.008321,0.1103688,213.7634,189.4664,706.8753,0.06282943,19010.79,579.9075,59.23768,18097.35,18156.59
1.599999,3.542132,2.765096,1.966992,0.116831,209.8823,200.56,734.6787,0.0665082,20144.53,653.5955,67.53452,19149.11,19216.64
1.699999,3.726756,3.103292,1.925348,0.1234304,205.9105,211.8888,761.4894,0.070265,21182.81,724.9221,75.71899,20107.88,20183.6
1.799999,3.922128,3.460312,1.885865,0.1293399,202.3578,222.0336,784.1805,0.07362913,22284.68,804.5668,85.03066,21120.79,21205.82
1.899999,4.111609,3.83653,1.844557,0.1357997,198.4898,233.1228,807.6077,0.07730645,23355.67,885.913,94.72837,22100.73,22195.46
1.999999,4.295237,4.231289,1.807549,0.1421734,194.699,244.0644,829.3647,0.08093481,24396.26,968.6537,104.7829,23048.54,23153.32
2.099999,4.464695,4.643813,1.770437,0.1477294,191.4222,253.6021,847.2717,0.08409765,25359.52,1048.503,114.666,23922.06,24036.72
2.199999,4.647928,5.074017,1.734193,0.153707,187.9317,263.8636,865.4799,0.08750048,26403.4,1138.503,126.0108,24864.6,24990.61
2.299999,4.812494,5.521784,1.69843,0.1594545,184.6146,273.7302,881.9952,0.09077237,27343.6,1222.708,136.8231,25709.78,25846.61
2.399998,4.985893,5.98679,1.663322,0.1653607,181.2504,283.8692,897.9967,0.09413461,28336.74,1314.826,148.8635,26598.76,26747.63
2.499998,5.146634,6.468307,1.631965,0.1706457,178.2814,292.9417,911.5168,0.09714315,29260.29,1403.439,160.6547,27421.91,27582.57
2.599998,5.308281,6.965924,1.598871,0.1760911,175.2657,302.2898,924.6933,0.1002431,30191.41,1495.63,173.1343,28248.36,28421.49
2.699998,5.466759,7.479411,1.569485,0.1812528,172.4497,311.1506,936.5057,0.1031815,31107,1589.063,186.0001,29057.64,29243.64
2.799998,5.626362,8.008771,1.539425,0.1867216,169.5131,320.5388,948.3339,0.1062947,32031.32,1686.192,199.6052,29871.24,30070.84
2.899998,5.775301,8.553548,1.509717,0.1914052,167.0377,328.5789,957.925,0.1089609,32896.84,1779.679,212.9185,30629.95,30842.86
2.999998,5.919007,9.113178,1.482239,0.1967742,164.2457,337.7956,968.3348,0.1120173,33733.82,1872.396,226.3293,31360.81,31587.14
3.099998,6.073747,9.687934,1.456185,0.2017081,161.7239,346.2656,977.3741,0.114826,34637.61,1975.096,241.4261,32146.79,32388.22
3.199998,6.209694,10.27713,1.431007,0.2063124,159.4088,354.1697,985.3737,0.1174471,35433.96,2067.818,255.273,32836.57,33091.85
3.299998,6.357204,10.88077,1.405208,0.2113201,156.9331,362.7661,993.6163,0.1202978,36300.12,2170.98,270.9122,33583.93,33854.84
3.399997,6.493124,11.49839,1.38184,0.215961,154.6782,370.7331,1000.847,0.1229397,37100.65,2268.494,285.9224,34271.93,34557.85
3.499997,6.633402,12.12998,1.358306,0.2205801,152.4717,378.6624,1007.671,0.1255692,37929.12,2371.578,302.0243,34981.21,35283.24
3.599997,6.765993,12.77502,1.335685,0.2249788,150.4053,386.2136,1013.837,0.1280733,38714.39,2471.341,317.8372,35650.92,35968.76
3.699997,6.901775,13.43339,1.314311,0.2293003,148.4083,393.6323,1019.592,0.1305334,39520.8,2575.835,334.6366,36336.04,36670.68
3.799997,7.028452,14.10498,1.293051,0.2337671,146.3785,401.3003,1025.237,0.1330762,40275.07,2675.47,350.8806,36974.44,37325.32
3.899997,7.161108,14.78954,1.272361,0.2381468,144.4219,408.8187,1030.484,0.1355694,41067.14,2782.039,368.4936,37642.33,38010.82
3.999997,7.280639,15.48695,1.251752,0.2422993,142.5974,415.9472,1035.207,0.1379333,41782.87,2880.07,384.9142,38243.61,38628.52
4.099997,7.408762,16.19659,1.233593,0.2464412,140.8068,423.0574,1039.682,0.1402911,42552.08,2987.223,403.0962,38887.48,39290.58
4.199997,7.531391,16.91872,1.215141,0.2504953,139.0823,430.017,1043.842,0.142599,43290.33,3091.83,421.0818,39503.14,39924.22
4.299997,7.651198,17.65266,1.197346,0.2541546,137.5494,436.2986,1047.418,0.1446821,44013.8,3195.999,439.2181,40104.3,40543.52
4.399997,7.770864,18.39875,1.178754,0.2582837,135.8463,443.3871,1051.256,0.1470327,44738.23,3301.944,457.8938,40704.09,41161.99
4.499997,7.883306,19.15668,1.163009,0.2623879,134.1812,450.4325,1054.87,0.1493691,45420.52,3403.264,475.9748,41266.98,41742.96
4.599997,8.000012,19.92624,1.146076,0.2663869,132.5849,457.2976,1058.206,0.1516456,46130.59,3510.247,495.2931,41850.74,42346.03
4.699996,8.114054,20.70729,1.130524,0.2700931,131.1283,463.6599,1061.142,0.1537554,46826.43,3616.615,514.7303,42420.77,42935.5
4.799996,8.229313,21.49978,1.11411,0.2738568,129.6713,470.1208,1063.973,0.155898,47531.54,3725.936,534.9437,42996.35,43531.29
4.899996,8.333112,22.30354,1.099339,0.2776318,128.232,476.6013,1066.668,0.158047,48168.18,3825.978,553.6514,43514.23,44067.89
4.999996,8.446756,23.1178,1.085218,0.280973,126.9764,482.3369,1068.934,0.159949,48867.31,3937.265,574.6909,44081.04,44655.73
5.099996,8.555681,23.94319,1.070895,0.2848425,125.5433,488.9797,1071.425,0.1621518,49538.82,4045.59,595.4055,44623.52,45218.93
5.199996,8.658071,24.77949,1.056456,0.2884193,124.2385,495.1198,1073.604,0.1641879,50171.81,4148.977,615.3893,45133.14,45748.53
5.299996,8.764136,25.62615,1.043037,0.2917834,123.0285,500.8948,1075.548,0.166103,50829.27,4257.661,636.6185,45660.68,46297.3
5.399996,8.869381,26.48322,1.029984,0.2952695,121.792,506.8792,1077.458,0.1680875,51483.33,4367.092,658.2215,46183.69,46841.91
5.499996,8.966124,27.35066,1.017447,0.298798,120.558,512.9365,1079.288,0.1700962,52086.03,4469.097,678.5645,46664.04,47342.6
5.599996,9.071719,28.2281,1.004896,0.3020456,119.4379,518.5116,1080.881,0.171945,52745.68,4581.999,701.3079,47188.04,47889.35
5.699996,9.169828,29.1157,0.993345,0.3053983,118.2969,524.2672,1082.439,0.1738536,53360.09,4688.357,722.9529,47674.45,48397.4
5.799995,9.267113,30.01324,0.9812683,0.3086776,117.1957,529.8966,1083.878,0.1757203,53970.88,4795.226,744.9136,48156.41,48901.33
5.899995,9.367867,30.9206,0.9694502,0.3120728,116.071,535.725,1085.283,0.1776531,54605.05,4907.37,768.1838,48655.17,49423.35
5.999995,9.463979,31.83778,0.9583478,0.3152921,115.0187,541.2515,1086.538,0.1794858,55211.61,5015.772,790.8983,49130.61,49921.5
6.099995,9.561119,32.76419,0.9476386,0.3181666,114.0906,546.1861,1087.597,0.1811222,55826.38,5126.766,814.3755,49610.91,50425.29
6.199995,9.652943,33.70034,0.9366179,0.3215461,113.0132,551.9874,1088.769,0.183046,56408.75,5232.966,837.0497,50064.41,50901.46
6.299995,9.745626,34.64592,0.9265621,0.324763,112.0011,557.5099,1089.813,0.1848773,56998.09,5341.465,860.4235,50521.87,51382.29
6.399995,9.837654,35.60064,0.9160914,0.3277709,111.0665,562.6735,1090.729,0.1865896,57584.79,5450.511,884.1274,50975.82,51859.95
6.499995,9.931304,36.5645,0.9063057,0.3307976,110.1375,567.8692,1091.593,0.1883126,58183.32,5562.809,908.7584,51437.41,52346.17
6.599995,10.01896,37.53752,0.8963564,0.3338605,109.2087,573.1272,1092.41,0.1900562,58744.91,5669.148,932.2883,51869.13,52801.42
6.699995,10.10542,38.51952,0.8866971,0.3367927,108.3302,578.1608,1093.139,0.1917254,59300.25,5775.229,955.9588,52294.73,53250.68
6.799994,10.19588,39.51036,0.87735,0.3397966,107.4408,583.3175,1093.834,0.1934354,59882.63,5887.445,981.2109,52739.63,53720.84
6.899994,10.28356,40.50985,0.8686077,0.34262,106.6144,588.1644,1094.44,0.1950427,60448.62,5997.469,1006.182,53170.63,54176.82
6.999994,10.37167,41.51813,0.8593534,0.3455291,105.7727,593.1583,1095.018,0.1966987,61018.76,6109.25,1031.765,53603.41,54635.18
7.099994,10.45615,42.53486,0.8512056,0.3483398,104.9685,597.9833,1095.533,0.1982988,61566.79,6217.595,1056.767,54018.09,55074.86
7.199994,10.53903,43.56015,0.8421196,0.3510692,104.1962,602.6689,1095.993,0.1998526,62105.74,6325.002,1081.749,54424.66,55506.41
7.299994,10.61995,44.59388,0.833976,0.3539667,103.3853,607.6428,1096.439,0.201502,62633.16,6430.937,1106.581,54821.31,55927.89
7.399994,10.70725,45.63595,0.8256733,0.3568,102.6013,612.5066,1096.835,0.2031149,63203.58,6546.414,1133.864,55248.98,56382.84
7.499994,10.79031,46.68626,0.8174736,0.3595035,101.8613,617.1477,1097.175,0.2046539,63747.73,6657.454,1160.309,55655.64,56815.95
7.599994,10.86891,47.74487,0.8095588,0.3622123,101.1278,621.7977,1097.481,0.2061959,64263.81,6763.565,1185.774,56040.14,57225.91
7.699994,10.94963,48.81149,0.8018853,0.3648717,100.4151,626.363,1097.747,0.2077098,64795.12,6873.611,1212.38,56434.81,57647.19
7.799994,11.02828,49.88623,0.7944308,0.3676398,99.68101,631.1149,1097.99,0.2092856,65314,6981.87,1238.75,56819.07,58057.82
7.899993,11.10923,50.96878,0.7871636,0.3702692,98.99103,635.6288,1098.188,0.2107825,65849.39,7094.383,1266.358,57214.34,58480.7
7.999993,11.18971,52.05924,0.7797418,0.3728973,98.3084,640.1404,1098.356,0.2122786,66382.98,7207.339,1294.283,57607.06,58901.35
8.099996,11.26512,53.15744,0.7728121,0.3753599,97.67504,644.3679,1098.487,0.2136805,66884.18,7314.181,1320.889,57974.8,59295.7
8.199998,11.33952,54.26342,0.7655582,0.3780349,96.99384,648.96,1098.599,0.2152033,67379.78,7420.537,1347.557,58337.38,59684.94
8.3,11.41748,55.37695,0.7589041,0.380552,96.35923,653.2809,1098.679,0.2166362,67900.34,7532.997,1375.952,58717.09,60093.04
8.400002,11.49508,56.49819,0.7520739,0.3830923,95.72495,657.6418,1098.732,0.2180823,68419.79,7645.984,1404.684,59094.8,60499.49
8.500005,11.56779,57.62688,0.7453503,0.3855498,95.1172,661.8605,1098.76,0.2194813,68907.66,7752.805,1432.037,59448.49,60880.53
8.600007,11.64105,58.76312,0.7388402,0.3881293,94.4854,666.2886,1098.764,0.2209497,69400.25,7861.346,1460.015,59804.57,61264.59
8.700009,11.71334,59.90662,0.7326732,0.3905248,93.90419,670.4009,1098.745,0.2223133,69887.58,7969.398,1488.052,60155.8,61643.85
8.800012,11.7908,61.05742,0.726308,0.3930298,93.30205,674.7012,1098.702,0.2237394,70410.91,8086.175,1518.558,60531.85,62050.41
8.900014,11.86055,62.21567,0.7201313,0.3953162,92.75744,678.6261,1098.643,0.2250409,70883.38,8192.271,1546.461,60870.33,62416.79
9.000016,11.93427,63.38095,0.7143535,0.3978131,92.16805,682.9124,1098.557,0.2264623,71383.81,8305.319,1576.383,61227.79,62804.17
9.100019,12.00428,64.5536,0.7079524,0.400223,91.60439,687.0496,1098.453,0.2278343,71860.18,8413.592,1605.229,61567.04,63172.27
9.200021,12.07381,65.73312,0.7021867,0.402496,91.07745,690.9514,1098.337,0.2291282,72334.46,8522.018,1634.297,61903.83,63538.13
9.300023,12.14277,66.91983,0.6963125,0.404899,90.52521,695.0767,1098.195,0.2304962,72805.85,8630.404,1663.535,62237.6,63901.14
9.400025,12.21521,68.11351,0.6905481,0.4072157,89.99752,699.0535,1098.041,0.2318149,73302.18,8745.185,1694.693,62587.98,64282.68
9.500028,12.28107,69.31403,0.6852005,0.4095314,89.47456,703.0289,1097.868,0.2331332,73754.58,8850.403,1723.434,62906.41,64629.84
9.60003,12.35076,70.52132,0.679621,0.4117237,88.98363,706.7923,1097.689,0.2343812,74234.34,8962.604,1754.266,63243.13,64997.39
9.700032,12.41892,71.73551,0.6743819,0.4140236,88.47287,710.7405,1097.485,0.2356905,74704.64,9073.21,1784.847,63572.24,65357.09
9.800035,12.48544,72.95639,0.6690491,0.4162812,87.97572,714.6161,1097.269,0.2369756,75164.68,9181.993,1815.104,63893.24,65708.34
9.900037,12.55069,74.18405,0.6636897,0.4185,87.49113,718.425,1097.041,0.2382388,75616.98,9289.512,1845.184,64207.93,66053.12
10.00004,12.6179,75.41825,0.6585806,0.4206389,87.02776,722.0967,1096.808,0.2394564,76083.93,9401.102,1876.586,64531.9,66408.49
10.10004,12.68342,76.65905,0.6535082,0.4228871,86.54459,725.9562,1096.548,0.2407362,76540.17,9510.702,1907.608,64847.52,66755.13
10.20004,12.74812,77.90649,0.6485867,0.4251134,86.07004,729.778,1096.276,0.2420035,76991.72,9619.737,1938.647,65158.98,67097.63
10.30005,12.8134,79.16029,0.6435973,0.4272081,85.62705,733.3739,1096.008,0.243196,77448.37,9730.571,1970.378,65473.07,67443.45
10.40005,12.87751,80.42058,0.6386771,0.4293867,85.1699,737.1139,1095.716,0.2444362,77897.84,9840.218,2001.946,65781.35,67783.3
10.50005,12.93972,81.68729,0.6340654,0.4315377,84.72207,740.8063,1095.415,0.2456607,78335,9947.385,2032.972,66080.32,68113.29
10.60005,13.00452,82.96021,0.6295343,0.4335359,84.30918,744.2366,1095.124,0.2467982,78791.46,10059.83,2065.706,66391.6,68457.3
10.70006,13.06577,84.23954,0.6246192,0.4356259,83.88052,747.8245,1094.808,0.247988,79223.81,10166.86,2097.035,66685.6,68782.64
10.80006,13.12727,85.52507,0.6201144,0.4376554,83.46732,751.3083,1094.491,0.2491433,79658.95,10275.08,2128.881,66980.66,69109.55
10.90006,13.19132,86.81674,0.6158885,0.4398006,83.03387,754.991,1094.144,0.2503645,80113.08,10388.58,2162.459,67287.73,69450.2
11.00006,13.2495,88.1147,0.6113551,0.4419023,82.61242,758.5989,1093.792,0.2515609,80526.57,10492.39,2193.339,67566.53,69759.87
11.10006,13.31361,89.41866,0.6072474,0.443947,82.20543,762.1089,1093.44,0.2527249,80983.16,10607.55,2227.77,67873.54,70101.31
11.20007,13.37078,90.72878,0.6026595,0.4458741,81.82455,765.4172,1093.098,0.253822,81391.31,10710.97,2258.856,68147.19,70406.05
11.30007,13.43082,92.04488,0.5983738,0.4479639,81.41448,769.0046,1092.718,0.2550116,81820.85,10820.29,2291.878,68434.38,70726.26
11.40007,13.49308,93.36694,0.5943632,0.4499259,81.03224,772.3728,1092.351,0.2561285,82267.38,10934.45,2326.544,68732.09,71058.63
11.50007,13.55155,94.69503,0.5900598,0.4519399,80.64265,775.8301,1091.965,0.257275,82687.57,11042.36,2359.482,69011.42,71370.91
11.60008,13.6074,96.02896,0.5860822,0.4538531,80.2751,779.1145,1091.59,0.2583642,83089.82,11146.1,2391.303,69278.1,71669.41
11.70008,13.66526,97.36877,0.5820864,0.4558478,79.89454,782.5387,1091.19,0.2594996,83507.48,11254.26,2424.642,69554.27,71978.91
11.80008,13.72503,98.71425,0.5780566,0.4576947,79.54455,785.7092,1090.811,0.2605511,83939.88,11366.73,2459.479,69839.38,72298.86
11.90008,13.78389,100.0656,0.5742683,0.4596907,79.16885,789.1356,1090.394,0.2616873,84366.68,11478.21,2494.188,70119.97,72614.16
12.00008,13.84007,101.4228,0.5701864,0.461549,78.82143,792.3257,1089.997,0.2627451,84774.89,11585.3,2527.688,70387.59,72915.27
12.10009,13.89825,102.7856,0.5665065,0.4634397,78.47025,795.5715,1089.586,0.2638215,85198.66,11696.92,2562.777,70664.64,73227.42
12.20009,13.95477,104.1541,0.5628043,0.4653618,78.11562,798.871,1089.161,0.2649156,85611.24,11806.04,2597.25,70933.63,73530.88
12.30009,14.01216,105.5283,0.5589883,0.4673012,77.76016,802.2004,1088.723,0.2660198,86031.02,11917.53,2632.636,71206.54,73839.17
12.40009,14.06785,106.9081,0.5553209,0.4691309,77.42703,805.3413,1088.303,0.2670613,86439.34,12026.41,2667.36,71471.24,74138.6
12.5001,14.11962,108.2935,0.551716,0.4709926,77.09023,808.5372,1087.869,0.2681211,86819.71,12128.23,2699.981,71717.19,74417.17
12.6001,14.17585,109.6843,0.5481237,0.4728445,76.75733,811.7163,1087.431,0.2691753,87233.77,12239.49,2735.784,71984.18,74719.96
12.7001,14.23009,111.0806,0.5446354,0.4746712,76.43104,814.8522,1086.991,0.2702152,87634.05,12347.46,2770.693,72241.57,75012.27
12.8001,14.28586,112.4823,0.5412668,0.4764008,76.12399,817.8213,1086.569,0.2711998,88046.6,12459.18,2806.979,72506.11,75313.09
12.90011,14.33619,113.8894,0.5378573,0.4782122,75.80434,820.9309,1086.121,0.272231,88419.6,12560.57,2840.055,72744.64,75584.7
13.00011,14.39386,115.3018,0.5344584,0.4799843,75.49356,823.973,1085.676,0.2732398,88848.03,12677.45,2878.359,73017.88,75896.23
13.10011,14.44592,116.7196,0.5310358,0.4817666,75.18287,827.0327,1085.223,0.2742544,89235.63,12783.61,2913.306,73264.36,76177.66
13.20011,14.49844,118.1427,0.5277478,0.4835457,74.87463,830.0868,1084.765,0.2752672,89627.44,12891.31,2948.915,73512.87,76461.78
13.30011,14.55244,119.5712,0.5243644,0.4853641,74.56149,833.2084,1084.29,0.2763023,90031.18,13002.69,2985.906,73768.23,76754.14
13.40012,14.60533,121.0049,0.521229,0.487046,74.27358,836.0957,1083.846,0.2772599,90427.61,13112.46,3022.522,74018.27,77040.79
13.50012,14.65582,122.4439,0.5179242,0.4887437,73.98463,839.0099,1083.393,0.2782262,90806.78,13217.82,3057.818,74256.77,77314.59
13.60012,14.70557,123.8879,0.5148489,0.4904929,73.68862,842.0129,1082.92,0.279222,91181.22,13322.23,3092.94,74491.69,77584.63
13.70012,14.75714,125.3371,0.5117475,0.4922621,73.39103,845.0499,1082.437,0.2802291,91570.09,13431.03,3129.695,74735.01,77864.7
13.80013,14.80985,126.7914,0.508655,0.4939262,73.1127,847.9067,1081.978,0.2811765,91968.52,13542.91,3167.648,74983.6,78151.25
13.90013,14.85965,128.2509,0.5056549,0.4956438,72.82706,850.8552,1081.498,0.2821543,92345.71,13649.19,3203.856,75218.3,78422.16
14.00013,14.91175,129.7153,0.5024981,0.4973332,72.54771,853.7554,1081.022,0.283116,92741.28,13761.03,3242.114,75463.77,78705.89
14.10013,14.96179,131.185,0.4995489,0.499039,72.26725,856.6837,1080.536,0.2840871,93121.95,13869.02,3279.216,75699.33,78978.55
14.20014,15.01023,132.6596,0.4965928,0.5007107,71.99394,859.5533,1080.056,0.2850387,93491.21,13974.13,3315.472,75927.25,79242.72
14.30014,15.06044,134.1391,0.4937696,0.5023385,71.72926,862.3477,1079.583,0.2859653,93874.88,14083.7,3353.415,76163.41,79516.83
14.40014,15.10884,135.6234,0.4909175,0.5039423,71.46987,865.101,1079.114,0.2868783,94245.47,14189.88,3390.333,76390.9,79781.23
14.50014,15.1582,137.1128,0.4878945,0.5055445,71.21214,867.8514,1078.641,0.2877904,94624.25,14298.75,3428.341,76622.79,80051.13
14.60014,15.20641,138.607,0.4851534,0.5071948,70.94807,870.6844,1078.149,0.2887299,94994.95,14405.65,3465.806,76849.13,80314.93
14.70015,15.25339,140.1061,0.4823855,0.5088243,70.68873,873.4818,1077.659,0.2896576,95356.94,14510.36,3502.65,77069.55,80572.2
14.80015,15.30334,141.6099,0.4795986,0.5104088,70.4379,876.2018,1077.179,0.2905595,95742.73,14622.32,3542.197,77303.87,80846.06
14.90015,15.34974,143.1186,0.4768099,0.5120131,70.18528,878.9558,1076.689,0.2914728,96101.8,14726.85,3579.265,77521.36,81100.63
15.00015,15.39697,144.6321,0.4741982,0.5136665,69.92628,881.7942,1076.18,0.292414,96468.01,14833.79,3617.33,77742.58,81359.91
15.10016,15.44252,146.1502,0.4714398,0.5151533,69.6946,884.3465,1075.719,0.2932604,96822.06,14937.48,3654.379,77955.88,81610.26
15.20016,15.49249,147.6731,0.4689182,0.5168172,69.43663,887.2029,1075.199,0.2942076,97211.13,15051.79,3695.375,78189.64,81885.02
15.30016,15.54016,149.2007,0.4661667,0.5182892,69.20959,889.7298,1074.736,0.2950456,97583.27,15161.46,3734.867,78412.61,82147.48
15.40016,15.58473,150.733,0.4636813,0.5198923,68.96355,892.4819,1074.228,0.2959582,97931.88,15264.51,3772.113,78620.92,82393.03
15.50016,15.62983,152.2698,0.4611454,0.521432,68.72846,895.1249,1073.736,0.2968346,98285.32,15369.29,3810.12,78831.6,82641.72
15.60017,15.67657,153.8113,0.4584981,0.5230125,68.48835,897.838,1073.228,0.2977343,98652.41,15478.44,3849.856,79049.84,82899.7
15.70017,15.72282,155.3573,0.4561071,0.5245124,68.26163,900.4128,1072.743,0.2985882,99016.43,15586.99,3889.525,79265.65,83155.17
15.80017,15.76874,156.9079,0.4535773,0.5259924,68.03896,902.9536,1072.261,0.2994308,99378.68,15695.34,3929.262,79479.83,83409.09
15.90017,15.81354,158.4631,0.4510462,0.5274808,67.81612,905.5087,1071.773,0.3002781,99732.77,15801.54,3968.359,79688.62,83656.98
16.00018,15.85928,160.0228,0.4486525,0.5290212,67.58661,908.1531,1071.265,0.3011549,100095.1,15910.53,4008.623,79901.69,83910.31
16.10018,15.9037,161.5869,0.4462572,0.5305353,67.36212,910.7522,1070.763,0.3020169,100447.7,16016.91,4048.064,80108.49,84156.55
16.20018,15.94739,163.1555,0.4438522,0.5319656,67.15106,913.2075,1070.286,0.3028311,100795.3,16122.05,4087.185,80311.79,84398.98
16.30018,15.99327,164.7285,0.4414949,0.5334548,66.93233,915.764,1069.786,0.3036789,101161,16232.98,4128.605,80525.13,84653.73
16.40018,16.03301,166.306,0.4392443,0.5349838,66.70882,918.3888,1069.27,0.3045492,101478.5,16329.55,4164.789,80709.87,84874.66
16.50019,16.07972,167.8878,0.4369146,0.5364094,66.50141,920.8362,1068.786,0.3053609,101852.4,16443.58,4207.658,80926.85,85134.51
16.60019,16.12185,169.474,0.4345495,0.5378148,66.29787,923.2488,1068.306,0.3061609,102190.4,16546.94,4246.656,81122.45,85369.11
16.70019,16.16875,171.0645,0.4322962,0.539306,66.08288,925.8087,1067.794,0.3070098,102567.4,16662.56,4290.434,81340.09,85630.52
16.80019,16.20834,172.6595,0.4299961,0.5407546,65.87502,928.2954,1067.295,0.3078344,102886.3,16760.62,4327.687,81523.63,85851.32
16.9002,16.25184,174.2587,0.4278662,0.5421893,65.67007,930.7583,1066.797,0.3086511,103237.4,16868.88,4368.95,81725.26,86094.21
17.0002,16.29567,175.8621,0.42555,0.5435929,65.47047,933.1678,1066.308,0.3094501,103592,16978.47,4410.869,81928.28,86339.15
17.1002,16.33908,177.4699,0.4233356,0.5449892,65.27278,935.5648,1065.819,0.310245,103943.9,17087.55,4452.734,82129.27,86582
17.2002,16.3793,179.0818,0.4213064,0.5464628,65.06508,938.0945,1065.3,0.3110839,104270.6,17189.07,4491.827,82315.34,86807.17
17.30021,16.42253,180.698,0.4190392,0.5478198,64.87468,940.424,1064.82,0.3118564,104622.5,17298.68,4534.174,82515.23,87049.41
17.40021,16.46562,182.3184,0.4170509,0.5492371,64.67667,942.8571,1064.317,0.3126633,104974,17408.49,4576.74,82714.41,87291.16
17.50021,16.50636,183.943,0.414787,0.5506034,64.48662,945.2025,1063.829,0.313441,105307,17512.78,4617.302,82902.59,87519.89
17.60021,16.5487,185.5717,0.4127789,0.5519968,64.29363,947.5944,1063.329,0.3142342,105653.8,17621.65,4659.783,83098.02,87757.8
17.70021,16.5888,187.2046,0.4107525,0.5533894,64.10158,949.9852,1062.828,0.315027,105983,17725.26,4700.343,83283.08,87983.42
17.80022,16.62836,188.8416,0.4086157,0.5547561,63.91392,952.3313,1062.333,0.315805,106308.4,17827.91,4740.652,83465.48,88206.14
17.90022,16.67064,190.4826,0.4065405,0.556115,63.72812,954.6641,1061.84,0.3165786,106656.9,17938.12,4784.068,83660.34,88444.41
18.00022,16.7089,192.1277,0.4045755,0.5574816,63.54205,957.01,1061.341,0.3173565,106972.9,18038.31,4823.665,83836.59,88660.26
18.10022,16.75213,193.7768,0.4025456,0.5588046,63.36266,959.2813,1060.857,0.3181097,107330.8,18152.03,4868.747,84035.63,88904.38
18.20023,16.79219,195.4299,0.4008892,0.5601663,63.17881,961.6188,1060.356,0.3188848,107663,18257.89,4910.846,84219.94,89130.78
18.30023,16.8313,197.0871,0.3986129,0.5614958,63.00003,963.9011,1059.865,0.3196417,107988,18361.68,4952.254,84399.74,89352
18.40023,16.87173,198.7483,0.3966946,0.5628672,62.8164,966.2552,1059.357,0.3204224,108324.8,18469.48,4995.396,84585.57,89580.97
18.50023,16.91154,200.4134,0.3947788,0.5640818,62.65438,968.3405,1058.905,0.3211139,108657.1,18576.09,5038.196,84768.45,89806.65
18.60023,16.94998,202.0825,0.392892,0.5653825,62.48158,970.5732,1058.419,0.3218543,108978.5,18679.47,5079.821,84944.89,90024.71
18.70024,16.98977,203.7555,0.3909214,0.5667824,62.29635,972.9765,1057.894,0.3226512,109311.9,18786.94,5123.229,85127.42,90250.65
18.80024,17.02808,205.4324,0.3891006,0.5680385,62.13083,975.1328,1057.422,0.3233663,109633.7,18890.89,5165.343,85303.11,90468.45
18.90024,17.06687,207.1132,0.387172,0.5693225,61.96228,977.337,1056.937,0.3240972,109960.1,18996.59,5208.29,85480.86,90689.15
19.00024,17.10537,208.7979,0.3853818,0.5706915,61.78331,979.687,1056.418,0.3248765,110284.7,19101.94,5251.225,85657.15,90908.38
19.10025,17.14429,210.4864,0.3835523,0.5719025,61.62561,981.7659,1055.958,0.3255659,110613.6,19208.93,5294.958,85835.32,91130.28
19.20025,17.18112,212.1788,0.381717,0.5732612,61.44937,984.0984,1055.439,0.3263394,110925.4,19310.58,5336.633,86003.79,91340.42
19.30025,17.22094,213.875,0.3798854,0.5744883,61.29082,986.2048,1054.97,0.3270379,111263.3,19420.99,5382.028,86185.87,91567.9
19.40025,17.25875,215.575,0.3781205,0.5757458,61.12894,988.3636,1054.487,0.3277538,111584.7,19526.26,5425.443,86358.64,91784.09
19.50026,17.29669,217.2787,0.3763939,0.5769873,60.96974,990.4949,1054.008,0.3284605,111908,19632.36,5469.328,86531.93,92001.26
19.60026,17.33418,218.9863,0.3746336,0.5782995,60.80213,992.7474,1053.501,0.3292075,112228,19737.61,5512.991,86703,92215.99
19.70026,17.37122,220.6976,0.3728132,0.5795577,60.64202,994.9074,1053.013,0.3299238,112544.8,19842.03,5556.428,86871.9,92428.33
19.80026,17.4072,222.4127,0.371095,0.580747,60.49125,996.949,1052.55,0.3306008,112853.2,19943.91,5598.932,87035.95,92634.88
19.90026,17.4446,224.1313,0.3694164,0.581979,60.33562,999.0639,1052.07,0.3313021,113174.4,20050.24,5643.415,87206.34,92849.76
20.00027,17.48143,225.8538,0.3676839,0.5832176,60.17975,1001.19,1051.585,0.3320072,113491.4,20155.38,5687.526,87374.04,93061.56
20.10027,17.51864,227.5799,0.365992,0.5844802,60.02145,1003.358,1051.089,0.332726,113812.2,20262.04,5732.403,87543.37,93275.77
20.20027,17.55483,229.3097,0.364358,0.5856634,59.87363,1005.389,1050.623,0.3333996,114125,20366.23,5776.363,87707.98,93484.34
20.30027,17.5916,231.0431,0.3626991,0.5868815,59.72201,1007.48,1050.142,0.334093,114443.4,20472.5,5821.325,87875.1,93696.43
20.40028,17.62578,232.7802,0.3610063,0.5881107,59.56958,1009.59,1049.656,0.3347927,114739.9,20571.7,5863.411,88030.38,93893.8
20.50028,17.66343,234.5208,0.3594419,0.5892859,59.42435,1011.607,1049.189,0.3354617,115067.3,20681.42,5910.088,88201.35,94111.44
20.60028,17.69802,236.265,0.3577383,0.5904946,59.27552,1013.682,1048.708,0.3361498,115368.6,20782.64,5953.27,88358.34,94311.61
20.70028,17.73566,238.0129,0.3561217,0.5917236,59.12473,1015.792,1048.218,0.3368494,115697.3,20893.24,6000.578,88529.05,94529.63
20.80029,17.77041,239.7643,0.3545452,0.5928796,58.9834,1017.777,1047.755,0.3375075,116001.3,20995.77,6044.556,88686.56,94731.12
20.90029,17.80683,241.5192,0.3530013,0.594053,58.84043,1019.791,1047.284,0.3381755,116320.5,21103.63,6090.95,88851.52,94942.48
21.00029,17.84065,243.2777,0.3513891,0.5952321,58.69727,1021.815,1046.81,0.3388468,116617.6,21204.23,6134.332,89004.66,95138.98
21.10029,17.87708,245.0397,0.3498655,0.5963963,58.55642,1023.814,1046.34,0.3395095,116938.3,21313.01,6181.371,89169.48,95350.85
21.20029,17.91041,246.8052,0.3482955,0.5975977,58.41156,1025.876,1045.854,0.3401934,117232.2,21412.93,6224.688,89320.16,95544.85
21.3003,17.94656,248.5742,0.3467426,0.5987501,58.27309,1027.854,1045.387,0.3408494,117551.7,21521.74,6271.989,89483.55,95755.54
21.4003,17.98047,250.3466,0.3452717,0.5998936,58.13616,1029.817,1044.922,0.3415003,117851.9,21624.2,6316.649,89636.69,95953.34
21.5003,18.01556,252.1225,0.3437435,0.6010163,58.00216,1031.745,1044.465,0.3421395,118163.3,21730.65,6363.165,89795.07,96158.23
21.6003,18.04826,253.9018,0.3422449,0.6022054,57.86073,1033.786,1043.979,0.3428164,118454.1,21830.26,6406.808,89942.62,96349.42
21.70031,18.08376,255.6845,0.340782,0.603291,57.73201,1035.65,1043.535,0.3434344,118770.4,21938.79,6454.482,90102.66,96557.15
21.80031,18.11657,257.4706,0.3393143,0.6044189,57.59874,1037.586,1043.072,0.3440765,119063.2,22039.49,6498.829,90250.48,96749.3
21.90031,18.15022,259.2602,0.3378451,0.6055798,57.46201,1039.579,1042.595,0.3447373,119364.2,22143.18,6544.607,90402.01,96946.62
22.00031,18.18509,261.0531,0.3363254,0.6067312,57.32687,1041.555,1042.12,0.3453928,119676.8,22251.05,6592.354,90558.95,97151.3
22.10032,18.21862,262.8494,0.3348803,0.6078632,57.19443,1043.499,1041.653,0.3460372,119978,22355.19,6638.568,90709.77,97348.34
22.20032,18.25171,264.649,0.3334596,0.6089618,57.06632,1045.384,1041.198,0.3466626,120275.7,22458.34,6684.461,90858.51,97542.97
22.30032,18.28505,266.452,0.3320765,0.6100693,56.93759,1047.286,1040.738,0.347293,120576.4,22562.69,6731.001,91008.3,97739.3
22.40032,18.31727,268.2582,0.3306507,0.6111434,56.81313,1049.13,1040.292,0.3479045,120867.6,22663.92,6776.264,91153,97929.27
22.50032,18.35166,270.0678,0.3292437,0.6122545,56.6848,1051.037,1039.829,0.348537,121179,22772.38,6824.876,91307.34,98132.21
22.60033,18.38467,271.8807,0.3277886,0.6133607,56.55743,1052.936,1039.367,0.3491668,121478.5,22876.88,6871.836,91455.37,98327.2
22.70033,18.41695,273.6969,0.3263996,0.6144465,56.43282,1054.8,1038.913,0.3497848,121772,22979.47,6918.052,91600.07,98518.13
22.80033,18.44865,275.5163,0.3250616,0.6155279,56.3091,1056.656,1038.46,0.3504004,122060.7,23080.58,6963.707,91742.03,98705.73
22.90033,18.4816,277.339,0.3237092,0.6166424,56.18198,1058.569,1037.991,0.3510349,122361.4,23186.07,7011.456,91889.52,98900.98
23.00034,18.51473,279.1649,0.3223855,0.617722,56.05924,1060.423,1037.537,0.3516495,122664.5,23292.56,7059.776,92037.75,99097.52
23.10034,18.54629,280.9941,0.3209576,0.618812,55.93571,1062.294,1037.078,0.3522699,122953.7,23394.38,7106.091,92178.86,99284.95
23.20034,18.57825,282.8264,0.3196379,0.6198805,55.81498,1064.128,1036.626,0.3528782,123247.3,23497.88,7153.287,92321.7,99474.99
23.30034,18.61023,284.662,0.3183074,0.6208882,55.70146,1065.858,1036.199,0.353452,123541.6,23601.84,7200.798,92464.52,99665.32
23.40034,18.64123,286.5007,0.3169829,0.6220006,55.57653,1067.768,1035.728,0.3540852,123827.3,23702.95,7247.119,92602.85,99849.97
23.50035,18.67278,288.3426,0.3157323,0.6230403,55.46012,1069.552,1035.286,0.3546771,124118.9,23806.29,7294.573,92743.62,100038.2
23.60035,18.70408,290.1876,0.3143742,0.6241144,55.34022,1071.396,1034.829,0.3552885,124408.6,23909.14,7341.912,92883.14,100225.1
23.70035,18.73635,292.0357,0.3131051,0.6251146,55.2289,1073.113,1034.402,0.3558579,124708,24015.61,7391.031,93026.93,100418
23.80035,18.76786,293.8871,0.3117948,0.6262029,55.10813,1074.982,1033.937,0.3564774,125000.8,24119.91,7439.265,93167.21,100606.5
23.90036,18.79846,295.7415,0.3105657,0.6272125,54.99644,1076.715,1033.505,0.3570522,125285.8,24221.61,7486.404,93303.38,100789.8
24.00036,18.83023,297.599,0.3093199,0.6282753,54.8792,1078.539,1033.049,0.3576572,125582.3,24327.57,7535.641,93444.66,100980.3
24.10036,18.85997,299.4596,0.3080163,0.6292966,54.76687,1080.292,1032.611,0.3582385,125860.4,24427.14,7582.004,93576.84,101158.9
24.20036,18.89103,301.3233,0.3068172,0.6303061,54.65616,1082.025,1032.177,0.3588132,126151.5,24531.5,7630.713,93714.82,101345.5
24.30037,18.92135,303.1901,0.3055634,0.6313543,54.54154,1083.825,1031.725,0.3594099,126436.1,24633.72,7678.529,93849.38,101527.9
24.40037,18.9523,305.06,0.3043381,0.6323652,54.43131,1085.56,1031.288,0.3599854,126727.2,24738.45,7727.63,93986.68,101714.3
24.50037,18.98185,306.9328,0.3030812,0.6333426,54.32504,1087.238,1030.866,0.3605418,127005.8,24838.84,7774.805,94117.73,101892.5
24.60037,19.01227,308.8087,0.3018576,0.6343298,54.218,1088.933,1030.438,0.3611038,127293.1,24942.53,7823.638,94252.52,102076.2
24.70037,19.04179,310.6876,0.30071,0.635344,54.10835,1090.674,1029.999,0.3616812,127572.4,25043.48,7871.288,94383.2,102254.5
24.80038,19.07361,312.5695,0.2995234,0.6364018,53.99432,1092.49,1029.539,0.3622833,127874.2,25152.71,7922.962,94524.02,102447
24.90038,19.10303,314.4545,0.2983039,0.6373894,53.88815,1094.185,1029.109,0.3628455,128153.6,25254.06,7971.018,94654.11,102625.1
25.00038,19.13191,316.3424,0.2971366,0.638351,53.78506,1095.836,1028.69,0.3633929,128428.6,25353.94,8018.475,94781.77,102800.2
25.10038,19.16286,318.2332,0.2959787,0.6393454,53.67875,1097.543,1028.256,0.363959,128723.9,25461.32,8069.61,94918.45,102988.1
25.20039,19.1912,320.1271,0.2948022,0.6403243,53.57438,1099.223,1027.828,0.3645163,128994.7,25559.99,8116.7,95043.52,103160.2
25.30039,19.22031,322.0239,0.2936058,0.6413245,53.46803,1100.94,1027.39,0.3650857,129273.4,25661.7,8165.347,95171.95,103337.3
25.40039,19.25076,323.9236,0.2925042,0.6423024,53.36436,1102.619,1026.962,0.3656424,129565.6,25768.48,8216.527,95306.2,103522.7
25.50039,19.27886,325.8262,0.2912836,0.6432916,53.25976,1104.317,1026.527,0.3662055,129835.8,25867.38,8264.032,95430.02,103694
25.6004,19.30788,327.7318,0.2901734,0.6442811,53.15541,1106.016,1026.092,0.3667688,130115.5,25969.89,8313.377,95557.85,103871.2
25.7004,19.33802,329.6402,0.2890421,0.645217,53.057,1107.623,1025.68,0.3673015,130406.4,26076.67,8364.89,95690.45,104055.3
25.8004,19.36684,331.5516,0.2878735,0.6461602,52.95806,1109.242,1025.264,0.3678385,130685.3,26179.2,8414.463,95817.24,104231.7
25.9004,19.39489,333.4658,0.2867993,0.64715,52.85453,1110.941,1024.827,0.3684019,130957.1,26279.28,8462.953,95940.5,104403.5
26.0004,19.42381,335.3829,0.2857021,0.6481152,52.75384,1112.598,1024.4,0.3689514,131238,26382.85,8513.235,96067.52,104580.8
26.10041,19.45155,337.3028,0.2845522,0.6490499,52.65657,1114.202,1023.986,0.3694835,131508,26482.54,8561.736,96189.3,104751
26.20041,19.47962,339.2256,0.2835216,0.6499901,52.55899,1115.816,1023.569,0.3700187,131781.6,26583.72,8611.063,96312.4,104923.5
26.30041,19.50894,341.1512,0.2823883,0.650916,52.46315,1117.406,1023.158,0.3705458,132068,26689.79,8662.888,96440.94,105103.8
26.40041,19.53659,343.0796,0.281288,0.6518777,52.36385,1119.057,1022.73,0.3710933,132338.7,26790.18,8712.035,96562.09,105274.1
26.50042,19.5659,345.0109,0.2802491,0.6528028,52.26859,1120.645,1022.318,0.3716199,132626.2,26896.96,8764.422,96690.42,105454.8
26.60042,19.59332,346.945,0.2791685,0.6537312,52.17323,1122.239,1021.905,0.3721484,132895.8,26997.22,8813.709,96810.41,105624.1
26.70042,19.61967,348.8818,0.2781139,0.6546588,52.0782,1123.831,1021.49,0.3726764,133155.2,27093.85,8861.309,96925.62,105786.9
26.80042,19.64874,350.8214,0.2770336,0.6555765,51.98442,1125.406,1021.08,0.3731989,133442,27200.81,8914.101,97052.62,105966.7
26.90042,19.6753,352.7638,0.2761374,0.6565417,51.88603,1127.063,1020.648,0.3737483,133704.6,27298.9,8962.612,97168.63,106131.2
27.00043,19.70455,354.7089,0.2749641,0.6574353,51.79517,1128.597,1020.248,0.374257,133994.4,27407.3,9016.333,97296.3,106312.6
27.10043,19.73131,356.6568,0.2739033,0.6583662,51.70077,1130.195,1019.83,0.3747869,134259.9,27506.77,9065.734,97412.98,106478.7
27.20043,19.75879,358.6075,0.2728852,0.6592749,51.60884,1131.755,1019.422,0.3753043,134533.3,27609.32,9116.765,97532.79,106649.6
27.30043,19.78585,360.5609,0.2718665,0.6601897,51.51653,1133.326,1019.011,0.375825,134803,27710.61,9167.265,97650.65,106817.9
27.40044,19.81349,362.517,0.2708687,0.6610892,51.42598,1134.87,1018.605,0.3763371,135079,27814.42,9219.131,97770.97,106990.1
27.50044,19.84026,364.4759,0.2698626,0.6620114,51.33339,1136.453,1018.19,0.376862,135346.8,27915.29,9269.624,97887.42,107157
27.60044,19.8674,366.4373,0.2688055,0.6628064,51.25375,1137.818,1017.831,0.3773146,135619,28017.94,9321.109,98005.45,107326.6
27.70044,19.89337,368.4015,0.2678362,0.6638224,51.15222,1139.562,1017.372,0.377893,135879.8,28116.45,9370.617,98118.26,107488.9
27.80045,19.92046,370.3683,0.26683,0.6647089,51.06387,1141.083,1016.971,0.3783976,136152.4,28219.53,9422.52,98235.84,107658.4
27.90045,19.94718,372.3379,0.2658748,0.6655623,50.979,1142.549,1016.584,0.3788835,136422,28321.6,9474.014,98351.8,107825.8
28.00045,19.97381,374.3101,0.264853,0.6664696,50.889,1144.106,1016.173,0.3794,136691,28423.6,9525.576,98467.25,107992.8
28.10045,19.99992,376.2849,0.2638992,0.6673411,50.80275,1145.602,1015.777,0.3798961,136955.4,28523.99,9576.419,98580.41,108156.8
28.20045,19.98338,378.261,-0.271021,0.667127,50.82391,1145.235,1015.874,0.3797742,137220.1,28550.43,9627.395,98610.14,108237.5
28.30046,19.95564,380.2347,-0.2709623,0.6662567,50.9101,1143.741,1016.269,0.3792787,137494.1,28550.43,9680.018,98610.14,108290.2
28.40046,19.92971,382.2057,-0.27091,0.6653097,51.0041,1142.115,1016.699,0.3787397,137750.9,28550.43,9729.151,98610.14,108339.3
28.50046,19.90118,384.174,-0.2708484,0.6644536,51.08928,1140.645,1017.086,0.3782523,138033.9,28550.43,9783.139,98610.14,108393.3
28.60046,19.87443,386.1396,-0.2707952,0.6634997,51.18444,1139.008,1017.518,0.3777092,138299.8,28550.43,9833.683,98610.14,108443.8
28.70047,19.84723,388.1024,-0.2707382,0.6626042,51.27399,1137.47,1017.922,0.3771995,138570.8,28550.43,9885.024,98610.14,108495.2
28.80047,19.82091,390.0626,-0.2706822,0.661696,51.36503,1135.911,1018.332,0.3766825,138833.4,28550.43,9934.628,98610.14,108544.8
28.90047,19.79397,392.02,-0.270626,0.6608078,51.45428,1134.387,1018.732,0.3761769,139102.8,28550.43,9985.328,98610.14,108595.5
29.00047,19.76606,393.9748,-0.2705674,0.6599804,51.53762,1132.966,1019.105,0.3757059,139382.4,28550.43,10037.79,98610.14,108647.9
29.10048,19.74039,395.9269,-0.2705162,0.6590699,51.62956,1131.403,1019.514,0.3751875,139640.1,28550.43,10085.97,98610.14,108696.1
29.20048,19.71265,397.8763,-0.2704562,0.6580992,51.72782,1129.737,1019.95,0.374635,139919.1,28550.43,10137.96,98610.14,108748.1
29.30048,19.68522,399.823,-0.2704068,0.6572044,51.81863,1128.201,1020.351,0.3741256,140195.5,28550.43,10189.29,98610.14,108799.4
29.40048,19.65921,401.767,-0.2703482,0.6563517,51.90538,1126.737,1020.733,0.3736401,140458.1,28550.43,10237.91,98610.14,108848.1
29.50048,19.63123,403.7083,-0.2702897,0.6554163,52.00077,1125.131,1021.152,0.3731076,140741.2,28550.43,10290.13,98610.14,108900.3
29.60049,19.6045,405.6468,-0.2702326,0.6544783,52.09668,1123.521,1021.571,0.3725737,141012.2,28550.43,10339.97,98610.14,108950.1
29.70049,19.57761,407.5827,-0.2701761,0.6536312,52.1835,1122.067,1021.949,0.3720914,141285.4,28550.43,10390.03,98610.14,109000.2
29.80049,19.5493,409.5158,-0.2701186,0.6526694,52.28231,1120.416,1022.378,0.3715439,141573.4,28550.43,10442.63,98610.14,109052.8
29.90049,19.52301,411.4462,-0.2700642,0.6518185,52.36996,1118.955,1022.757,0.3710596,141841.5,28550.43,10491.43,98610.14,109101.6
30.0005,19.49701,413.3739,-0.2700101,0.6508867,52.46618,1117.355,1023.171,0.3705291,142107.3,28550.43,10539.65,98610.14,109149.8
30.1005,19.46898,415.2989,-0.2699527,0.6499577,52.56235,1115.761,1023.583,0.3700002,142394.3,28550.43,10591.53,98610.14,109201.7
30.2005,19.44326,417.2212,-0.2699021,0.6490751,52.65395,1114.246,1023.975,0.3694978,142658.1,28550.43,10639.07,98610.14,109249.2
30.3005,19.41479,419.1408,-0.2698424,0.6481754,52.74755,1112.701,1024.373,0.3689857,142950.8,28550.43,10691.64,98610.14,109301.8
30.40051,19.38827,421.0577,-0.2697883,0.647303,52.83854,1111.203,1024.759,0.368489,143223.9,28550.43,10740.51,98610.14,109350.6
30.50051,19.36062,422.9719,-0.2697318,0.6463761,52.93546,1109.612,1025.169,0.3679614,143509.3,28550.43,10791.41,98610.14,109401.5
30.60051,19.3341,424.8834,-0.2696773,0.6454675,53.03069,1108.053,1025.569,0.3674441,143783.6,28550.43,10840.17,98610.14,109450.3
30.70051,19.30797,426.7922,-0.269624,0.6445695,53.12507,1106.511,1025.965,0.3669329,144054.4,28550.43,10888.14,98610.14,109498.3
30.80051,19.28076,428.6983,-0.2695687,0.6436762,53.21917,1104.977,1026.358,0.3664244,144336.9,28550.43,10938.03,98610.14,109548.2
30.90052,19.25392,430.6017,-0.269514,0.6427666,53.31524,1103.416,1026.758,0.3659066,144616.1,28550.43,10987.16,98610.14,109597.3
31.00052,19.2273,432.5024,-0.2694612,0.6418555,53.4117,1101.852,1027.157,0.3653879,144893.5,28550.43,11035.82,98610.14,109646
31.10052,19.20057,434.4004,-0.2694087,0.6410123,53.50121,1100.404,1027.527,0.3649079,145172.6,28550.43,11084.62,98610.14,109694.8
31.20052,19.17201,436.2957,-0.2693497,0.6401064,53.59759,1098.849,1027.923,0.3643923,145471.5,28550.43,11136.68,98610.14,109746.8
31.30053,19.14551,438.1884,-0.2692965,0.6391604,53.69851,1097.225,1028.337,0.3638537,145749.4,28550.43,11184.92,98610.14,109795.1
31.40053,19.11883,440.0783,-0.2692444,0.6382763,53.79306,1095.708,1028.723,0.3633504,146029.8,28550.43,11233.43,98610.14,109843.6
31.50053,19.09095,441.9655,-0.2691858,0.637383,53.88884,1094.174,1029.112,0.3628418,146323.2,28550.43,11284.03,98610.14,109894.2
31.60053,19.06433,443.85,-0.2691317,0.6364653,53.98748,1092.599,1029.511,0.3623194,146604.1,28550.43,11332.29,98610.14,109942.4
31.70053,19.03708,445.7319,-0.2690769,0.6355659,54.0844,1091.055,1029.902,0.3618075,146892.2,28550.43,11381.63,98610.14,109991.8
31.80054,19.0106,447.611,-0.2690249,0.6347078,54.1771,1089.582,1030.275,0.361319,147172.6,28550.43,11429.49,98610.14,110039.6
31.90054,18.98421,449.4874,-0.2689718,0.6337998,54.27544,1088.023,1030.668,0.3608021,147452.6,28550.43,11477.12,98610.14,110087.3
32.00054,18.95687,451.3612,-0.2689165,0.6329322,54.36964,1086.534,1031.043,0.3603082,147743.3,28550.43,11526.4,98610.14,110136.5
32.10054,18.93154,453.2323,-0.2688666,0.6319763,54.47368,1084.893,1031.456,0.359764,148013.2,28550.43,11571.99,98610.14,110182.1
32.20055,18.90353,455.1007,-0.2688123,0.6311271,54.56636,1083.435,1031.823,0.3592806,148312.3,28550.43,11622.34,98610.14,110232.5
32.30055,18.87702,456.9665,-0.2687578,0.6301886,54.66903,1081.824,1032.227,0.3587463,148595.9,28550.43,11669.93,98610.14,110280.1
32.40055,18.85063,458.8295,-0.2687049,0.6293113,54.76526,1080.318,1032.605,0.3582469,148878.6,28550.43,11717.21,98610.14,110327.4
32.50055,18.82229,460.6899,-0.268649,0.6284471,54.86028,1078.834,1032.976,0.357755,149182.9,28550.43,11767.94,98610.14,110378.1
32.60056,18.79515,462.5476,-0.2685954,0.6275166,54.96286,1077.237,1033.375,0.3572252,149475,28550.43,11816.44,98610.14,110426.6
32.70056,18.76942,464.4025,-0.2685462,0.6266292,55.06093,1075.714,1033.755,0.3567201,149752.4,28550.43,11862.35,98610.14,110472.5
32.80056,18.74208,466.2548,-0.2684905,0.6257197,55.16171,1074.152,1034.144,0.3562023,150047.8,28550.43,11911.08,98610.14,110521.2
32.90056,18.71549,468.1044,-0.2684379,0.6248026,55.26358,1072.578,1034.535,0.3556803,150335.7,28550.43,11958.4,98610.14,110568.5
33.00056,18.68818,469.9513,-0.268384,0.6239516,55.35838,1071.117,1034.898,0.3551958,150632,28550.43,12006.93,98610.14,110617.1
33.10057,18.66136,471.7955,-0.2683329,0.6230347,55.46074,1069.543,1035.288,0.3546739,150923.5,28550.43,12054.52,98610.14,110664.7
33.20057,18.63484,473.6371,-0.2682801,0.6221687,55.55769,1068.056,1035.656,0.3541809,151212.3,28550.43,12101.51,98610.14,110711.6
33.30057,18.60766,475.476,-0.2682272,0.6212307,55.66296,1066.446,1036.054,0.3536468,151508.9,28550.43,12149.59,98610.14,110759.7
33.40057,18.58165,477.3122,-0.2681761,0.620362,55.7607,1064.955,1036.422,0.3531524,151793.3,28550.43,12195.55,98610.14,110805.7
33.50058,18.55538,479.1456,-0.2681251,0.619437,55.86504,1063.367,1036.813,0.3526258,152081.1,28550.43,12241.89,98610.14,110852
33.60058,18.52871,480.9765,-0.268073,0.6185496,55.96541,1061.844,1037.188,0.3521207,152373.9,28550.43,12288.88,98610.14,110899
33.70058,18.50008,482.8047,-0.2680169,0.6176808,56.06392,1060.352,1037.555,0.351626,152688.9,28550.43,12339.25,98610.14,110949.4
33.80058,18.47338,484.6301,-0.2679651,0.6167659,56.16792,1058.781,1037.94,0.3511053,152983.1,28550.43,12386.14,98610.14,110996.3
33.90059,18.44659,486.4529,-0.2679128,0.6158729,56.2697,1057.249,1038.315,0.3505969,153279.1,28550.43,12433.14,98610.14,111043.3
34.00059,18.41962,488.273,-0.2678605,0.6149746,56.37235,1055.706,1038.692,0.3500855,153577.6,28550.43,12480.37,98610.14,111090.5
34.10059,18.39449,490.0904,-0.2678121,0.6140633,56.47676,1054.142,1039.073,0.3495667,153856.2,28550.43,12524.32,98610.14,111134.5
34.20059,18.36648,491.9052,-0.2677572,0.6131688,56.5795,1052.606,1039.447,0.3490575,154167.5,28550.43,12573.24,98610.14,111183.4
34.30059,18.34075,493.7173,-0.2677071,0.6123,56.67955,1051.115,1039.81,0.3485629,154454.1,28550.43,12618.13,98610.14,111228.3
34.4006,18.31355,495.5267,-0.2676544,0.6114008,56.78336,1049.571,1040.185,0.3480511,154757.6,28550.43,12665.49,98610.14,111275.6
34.5006,18.28716,497.3334,-0.2676047,0.6105119,56.88626,1048.045,1040.555,0.347545,155052.5,28550.43,12711.38,98610.14,111321.5
34.6006,18.25974,499.1374,-0.267551,0.6096168,56.99013,1046.509,1040.926,0.3470355,155359.6,28550.43,12758.98,98610.14,111369.1
34.7006,18.23293,500.9482,-0.2675008,0.6087278,57.09357,1044.983,1041.295,0.3465294,155660.6,28550.43,12805.46,98610.14,111415.6
34.80061,18.2064,502.7704,-0.2674499,0.6078399,57.19715,1043.458,1041.662,0.3460239,155959.1,28550.43,12851.4,98610.14,111461.5
34.90061,18.1838,504.59,-0.2674074,0.606989,57.29666,1041.998,1042.014,0.3455396,156213.6,28550.43,12890.45,98610.14,111500.6
35.00061,18.15253,506.407,-0.2673465,0.6060519,57.40653,1040.389,1042.4,0.3450061,156566.7,28550.43,12944.45,98610.14,111554.6
